11111111111111111111000010110111
01010101010101010101000100110111
00000000100000000000000110010011
00000000000000000000000000000000
00000000000000000000000000000000
00000000000000000000000000000000
00000000000000000000000000000000
00000000000100000010010000100011
00000000001000000001010000100011
00000000001100000000010000100011
00000000000000000000000000000000
00000000000000000000000000000000
00000000000000000000000000000000
00000000000000000000000000000000
00000000100000000010001010000011
00000001100000000010000010000011
